0 99.3600 99.9100
1 99.2900 99.9400
2 99.1900 99.9700
3 99.1400 99.9700
4 99.0700 99.9800
5 99.1100 99.9800
6 99.0800 99.9700
7 99.0500 99.9700
8 99.0000 99.9700
9 98.8900 99.9600
10 98.9000 99.9100
11 98.9300 99.9100
12 99.0000 99.8600
13 98.9300 99.8300
14 98.9100 99.8600
15 98.9600 99.9100
16 98.8700 99.9600
17 98.8300 99.9500
18 98.8000 99.9500
19 98.7900 99.9400
20 98.7000 99.9400
21 98.7400 99.9300
22 98.7100 99.8900
23 98.5900 99.8900
24 98.5800 99.8900
25 98.5200 99.8700
26 98.5700 99.8500
27 98.4000 99.8500
28 98.3000 99.8600
29 98.4000 99.9000
30 98.5200 99.9200
31 98.4000 99.9200
32 98.2300 99.9100
33 98.1700 99.9200
34 97.9800 99.9600
35 97.5800 99.8800
36 97.5400 99.9000
37 97.0700 99.9600
38 96.8900 99.9600
39 96.2600 99.9600
40 96.4400 99.9500
41 96.1700 99.9600
42 96.9500 99.9600
43 96.8500 99.9600
44 96.2700 99.9900
45 95.5900 99.9800
46 94.3200 99.9800
47 91.6300 99.9900
48 92.9500 99.7900
49 92.9800 99.8600
50 92.7400 99.7200
51 90.7100 99.7800
52 86.4000 99.9400
53 86.9100 99.8200
54 81.7800 99.7100
55 77.6100 99.6200
56 72.9700 99.7500
57 69.2000 97.6000
58 67.1700 97.8600
59 48.6000 99.4900
60 37.5000 99.7500
61 35.9000 96.1400
62 36.8800 46.1000
63 24.7800 25.7300
